Node 0 connects to [2, 10, 7]
Node 1 connects to [11, 9, 3]
Node 2 connects to [0, 11, 7]
Node 3 connects to [8, 1, 4]
Node 4 connects to [3, 12, 5]
Node 5 connects to [11, 4, 6]
Node 6 connects to [12, 5, 13]
Node 7 connects to [0, 8, 2]
Node 8 connects to [9, 3, 7]
Node 9 connects to [8, 1, 10]
Node 10 connects to [0, 9, 13]
Node 11 connects to [1, 2, 5]
Node 12 connects to [4, 13, 6]
Node 13 connects to [10, 12, 6]
Routing Table:

        0       1       2       3       4       5       6       7       8       9       10      11      12      13
------------------------------------------------------------------------------------------------------------------
0:      x       2       2       7       7       2       10      7       7       10      10      2       10      10
1:      11      x       11      3       3       11      11      11      9       9       9       11      3       9
2:      0       11      x       11      11      11      11      7       7       0       0       11      11      0
3:      8       1       8       x       4       4       4       8       8       8       8       1       4       4
4:      5       3       5       3       x       5       12      3       3       3       12      5       12      12
5:      11      11      11      4       4       x       6       11      4       11      6       11      4       6
6:      13      5       5       12      12      5       x       5       12      13      13      5       12      13
7:      0       8       2       8       8       2       2       x       8       8       0       2       8       0
8:      7       9       7       3       3       3       3       7       x       9       9       9       3       9
9:      10      1       8       8       8       1       10      8       8       x       10      1       10      10
10:     0       9       0       9       13      13      13      0       9       9       x       0       13      13
11:     2       1       2       1       5       5       5       2       1       1       1       x       5       5
12:     13      4       4       4       4       4       6       4       4       13      13      4       x       13
13:     10      10      10      12      12      6       6       10      10      10      10      6       12      x